0 40 1775 0 1 1 0 0 1 1 1 1 1 0 0 1 1 1 1 1 1 1 1 0 0 0 0 1 1 1 1 0 1 1 0 1 1 0 1 1 1 0 1
1 40 1624 0 1 1 0 1 0 1 0 0 1 1 1 1 1 1 1 1 0 1 1 1 0 1 0 0 1 1 1 1 1 0 0 0 0 1 1 0 1 1 1
2 40 1490 1 1 1 0 1 1 0 0 0 1 1 0 1 1 1 1 0 0 1 1 1 1 0 0 1 1 0 1 0 1 1 0 0 1 1 1 0 0 1 1
3 40 1457 0 1 1 0 1 1 0 1 0 1 0 0 0 0 1 1 1 1 1 0 1 1 1 1 0 1 0 0 1 1 1 1 0 0 1 1 0 1 0 1
4 40 1603 1 0 1 0 1 1 1 1 0 0 1 1 1 1 1 0 1 1 1 1 0 1 1 1 0 1 1 1 0 0 0 1 0 0 0 1 0 0 1 0
5 40 1661 0 1 0 1 1 0 0 0 1 1 1 0 0 0 0 0 1 1 1 1 1 1 0 1 1 1 1 1 0 1 1 0 0 0 1 1 1 0 0 0
6 40 1671 1 1 1 1 0 1 1 1 1 1 1 0 0 1 1 0 0 0 1 0 1 1 0 1 0 0 1 1 1 1 1 1 0 0 0 1 0 0 1 0
7 40 1599 0 1 1 1 0 0 1 1 0 0 1 0 0 0 1 1 1 0 1 1 0 1 1 1 0 1 1 1 1 1 1 1 0 0 0 1 0 1 1 1
8 40 1468 0 0 0 1 0 1 1 0 0 1 1 0 1 0 1 1 0 0 1 1 1 1 1 1 1 1 0 1 0 0 0 1 1 1 1 1 0 1 1 0
9 40 1474 1 0 1 1 1 0 0 1 1 1 0 1 1 1 1 1 1 1 1 1 0 0 0 0 1 1 0 1 1 0 0 0 1 1 0 1 1 0 1 1
10 40 1547 0 0 1 0 1 0 0 0 1 0 1 0 1 1 1 0 1 1 0 0 0 1 1 1 0 1 1 1 1 1 1 1 1 1 1 0 1 1 0 1
11 40 1492 1 1 1 0 1 0 1 0 0 1 0 0 1 0 1 1 0 1 1 1 1 1 0 1 1 0 1 1 1 0 0 0 1 0 0 1 0 1 1 1
12 40 1885 1 0 1 1 0 0 1 1 1 0 1 1 0 0 1 1 1 1 1 1 1 1 1 1 1 1 0 1 0 1 0 1 1 0 1 0 1 0 0 0
13 40 1793 0 1 1 0 1 0 1 1 0 1 1 0 1 1 1 1 0 0 1 0 1 1 1 0 1 0 0 0 0 1 1 0 1 1 1 1 0 1 1 1
14 40 1676 0 1 1 0 1 1 1 0 1 0 1 1 0 0 0 1 1 1 1 1 0 1 0 1 1 0 0 1 1 1 0 0 1 0 0 1 1 1 1 0
15 40 1719 1 0 1 0 0 0 1 1 1 1 1 1 1 1 1 1 1 0 0 1 0 1 0 1 0 1 1 1 1 1 0 0 1 0 1 0 0 1 0 1
16 40 1649 0 1 1 1 1 1 1 0 1 1 1 1 0 1 1 0 1 0 0 1 0 0 1 1 1 1 1 0 0 1 1 1 0 0 0 0 1 1 1 0
17 40 1619 1 1 1 0 1 1 0 1 1 1 1 1 0 1 1 0 0 1 0 0 1 0 1 1 1 0 0 1 0 1 0 0 0 1 0 1 1 1 1 0
18 40 1593 1 1 1 1 1 0 1 0 1 1 0 0 1 1 1 1 0 1 1 1 0 0 0 1 1 1 1 1 0 1 0 1 1 0 1 1 0 0 0 0
19 40 1823 0 0 0 1 0 1 0 1 0 0 1 1 1 0 1 1 0 0 1 1 1 1 0 1 1 1 0 1 1 0 1 1 0 1 0 1 1 1 1 1