0 30 1295 0 1 1 1 0 1 1 1 1 1 0 0 1 1 1 1 1 1 1 1 0 0 0 0 1 1 0 1 0 1
1 30 1141 1 0 0 0 0 0 1 1 1 1 1 1 1 0 1 1 1 1 0 0 0 1 1 1 0 1 0 1 1 0
2 30 1117 1 1 1 0 1 1 1 1 0 1 1 1 1 0 0 0 0 1 0 1 1 0 1 1 1 0 0 1 1 1
3 30 1233 1 1 1 1 1 1 0 1 1 0 0 0 1 0 0 1 1 1 1 0 1 0 0 0 1 1 0 1 1 1
4 30 1015 1 1 0 1 0 0 1 1 0 1 0 0 1 1 1 1 0 1 0 0 0 1 1 0 1 1 1 1 1 1
5 30 1408 0 0 1 1 1 1 1 0 0 0 1 0 1 1 1 0 1 0 1 0 1 0 1 0 1 1 1 1 1 1
6 30 1079 0 0 1 0 1 1 1 1 1 1 0 1 1 0 0 1 0 1 0 0 0 1 1 1 1 1 1 1 0 1
7 30 1232 0 1 0 1 0 1 0 1 1 1 0 0 0 1 0 1 1 1 1 0 1 1 1 0 0 0 1 1 1 1
8 30 1297 1 0 1 1 0 1 0 0 0 1 0 1 0 1 1 1 0 1 1 1 1 1 1 0 0 1 1 1 1 0
9 30 1260 0 0 1 1 1 1 1 1 0 1 0 1 0 0 1 0 0 1 1 1 1 0 1 0 1 1 1 1 0 1
10 30 1015 1 0 1 1 0 1 0 1 1 0 1 1 1 0 1 0 1 1 0 0 0 0 1 0 1 0 0 1 1 1
11 30 1175 1 0 1 1 1 1 0 1 0 1 1 0 0 1 1 1 0 1 1 0 1 0 1 0 0 0 1 0 1 1
12 30 1213 1 1 0 0 1 1 1 1 0 0 0 1 0 0 1 0 0 0 1 0 1 1 1 1 1 1 1 1 1 1
13 30 1114 1 1 1 0 1 0 1 1 0 0 0 0 1 1 1 0 1 1 0 0 1 1 1 1 1 1 0 1 0 1
14 30 1071 1 1 0 1 1 0 0 0 1 1 1 0 1 1 1 0 1 0 0 0 1 1 0 1 1 0 1 1 1 0
15 30 1293 0 1 1 1 0 1 0 1 1 1 0 0 0 1 1 0 1 1 1 1 0 1 1 0 1 0 0 1 1 1
16 30 1387 1 0 0 1 0 1 1 1 1 0 1 1 0 1 0 1 1 1 0 1 1 0 1 1 1 1 1 0 0 0
17 30 1201 1 1 0 1 1 1 0 1 1 0 1 0 1 1 1 0 1 1 1 0 1 0 0 1 1 0 1 0 0 0
18 30 1352 0 1 1 0 1 0 1 1 1 0 1 1 1 1 1 0 0 1 1 0 1 1 0 1 0 1 1 1 0 0
19 30 1389 1 0 1 0 0 1 0 1 0 1 1 1 1 0 1 1 0 1 0 1 1 1 0 1 1 0 1 1 1 0